

v1 <-c(50,23,11,234,12,100,3,5,6)
v2 <- c(100,2,55,12,0,65,93,10,1)

v3 <- v1 + v2
v4 <- v1 - v2
v5 <- v1 / v2
v6 <- v1 * v2
v7 <- v1 < v2

# recycling of vector

# r copy and paste smaller vector  
V11 <- c(50,34,11,7,22)

# if grater vector is not multiple of smalles vector R give us error
# but he do recycling

v8<- V11 + v2

# vector and function 
# f(vector) can return  -vector-


